 1, 2
ARNAUD / ARNAUD  1.00 1.00     CALCIUM                  
 4,18,20                                !# STAGES,CA 18 IS THE FIRST STAGE,Z=20
 17,6.4,   4.6     2.59    1.18    0.54    0.5059  0.6434  0.8037  0.9530  1.0944  
           1.2471  1.4376  1.6859  2.0019  2.376   2.781   3.193   3.60
 17,6.4,   6.36    3.60    1.69    0.65    0.2748  0.1390  0.0844  0.0627  0.0645  
           0.0956  0.1701  0.3054  0.5084  0.769   1.059   1.360   1.66
 14,6.7,   5.91    4.3601  3.2625  2.4306  1.7815  1.2695  0.8776  0.5968  0.4264  
           0.3631  0.388   0.470   0.583   0.71
 13,6.8,   9.1887  7.0778  5.4153  4.0838  3.0103  2.1462  1.4697  0.9606  0.6085
           0.381   0.242   0.158   0.11

