 2, 2, 31				; Two Calculations (Start records =2, 9)
ARNAUD & RAYMOND (1992)        IRON
 27,0,26                                ;# STAGES, Fe +0 is the 1st stage, 26=Z
  7,4.0    0.91 1.44 1.97 2.88 3.93 4.70 5.38
 12,4.0    0.06 0.02 0.09 0.59 1.29 1.74 2.14 2.68 3.24 3.87 4.26 5.49
 15,4.0    4.01 2.16 0.77 0.13 0.02 0.02 0.16 0.50 0.89 1.36 1.96 2.70 3.53 4.43 5.46
 14,4.3    5.07 3.05 1.52 0.52 0.17 0.13 0.28 0.60 1.09 1.69 2.37 3.19 4.18 5.31
 13,4.6    3.81 1.97 0.91 0.38 0.23 0.32 0.57 0.96 1.52 2.27 3.18 4.19 5.21
 13,4.8    3.65 1.85 0.84 0.38 0.21 0.25 0.50 0.98 1.66 2.44 3.27 4.13 5.15
 14,4.9    5.11 3.06 1.82 1.03 0.55 0.35 0.44 0.77 1.24 1.78 2.39 3.17 4.29 5.80
 13,5.1    4.12 2.49 1.43 0.73 0.40 0.36 0.51 0.77 1.12 1.68 2.56 3.87 5.59
 13,5.2    4.95 3.07 1.77 0.92 0.44 0.21 0.15 0.22 0.51 1.19 2.27 3.79 5.72
 11,5.4    5.94 4.02 2.66 1.72 1.05 0.62 0.49 0.81 1.58 2.81 4.50
 10,5.6    5.21 3.48 2.17 1.21 0.64 0.57 1.01 1.96 3.39 4.91
 10,5.7    5.57 3.59 2.06 1.01 0.53 0.61 1.25 2.41 3.68 4.92
 11,5.8    5.35 3.22 1.66 0.75 0.45 0.75 1.61 2.62 3.61 4.58 5.60
 11,5.9    5.10 2.93 1.50 0.75 0.66 1.17 1.88 2.59 3.31 4.10 5.10
 12,6.0    4.44 2.42 1.16 0.62 0.74 1.11 1.52 1.97 2.52 3.31 4.41 5.84
 12,6.1    3.63 1.82 0.83 0.57 0.62 0.76 0.98 1.32 1.91 2.83 4.09 5.65 
 13,6.1    4.28 2.10 0.83 0.35 0.20 0.16 0.20 0.37 0.80 1.56 2.66 4.07 5.60
 13,6.2    5.34 3.28 2.17 1.51 1.05 0.73 0.58 0.73 1.24 2.11 3.30 4.63 5.95
 12,6.4    4.20 2.95 2.00 1.28 0.79 0.63 0.88 1.52 2.49 3.62 4.74 5.82
 12,6.5    4.63 3.13 1.95 1.08 0.59 0.56 0.94 1.67 2.59 3.52 4.41 5.28
 13,6.6	   4.73 3.07 1.79 0.96 0.61 0.73 1.22 1.91 2.64 3.34 4.02 4.70 5.37
 15,6.7,   4.37 2.67 1.46 0.80 0.64 0.88 1.35 1.86 2.38 2.88 3.38 3.90 4.44 5.01 5.60
 19,6.7    5.92 3.74 2.13 1.13 0.67 0.65 0.87 1.17 1.49 1.81 2.14 2.50 2.88 3.31 3.76 4.23 4.70 5.17 5.64
 23,6.8    5.06 3.05 1.69 0.92 0.63 0.61 0.69 0.80 0.93 1.09 1.28 1.51 1.79 2.10 2.44 2.78 3.13 3.47 3.81 4.14 4.46 4.77 5.07
 22,6.9    3.84 2.10 1.02 0.49 0.25 0.15 0.11 0.11 0.14 0.21 0.32 0.48 0.67 0.88 1.11 1.35 1.58 1.81 2.03 2.24 2.45 2.65
 20,7.1    4.92 3.54 2.62 1.96 1.46 1.06 0.76 0.54 0.41 0.34 0.34 0.38 0.44 0.53 0.63 0.73 0.83 0.94 1.04 1.14
 18,7.3    5.60 4.35 3.35 2.55 1.90 1.39 1.01 0.71 0.50 0.35 0.25 0.18 0.13 0.10 0.07 0.06 0.04 0.03 
ARNAUD & ROTHENFLUG (1985)     IRON                     
 26,1,26                                ;# STAGES, Fe +1 is the 1st stage, 26=Z
 14,4.0,   0.37 0.15 0.12 0.45 0.99 1.33 1.85 2.46 3.00 3.60 4.32 5.13 5.96 6.79
 17,4.0,   4.61 2.30 0.90 0.21 0.05 0.08 0.41 0.85 1.23 1.66 2.22 2.84 3.49 4.15 4.82 5.53 6.21
 18,4.2,   6.88 4.06 2.21 0.89 0.23 0.08 0.11 0.30 0.64 1.07 1.55 2.03 2.54 3.09 3.71 4.42 5.24 6.22 
 17,4.5,   6.03 3.42 1.79 0.81 0.35 0.23 0.29 0.46 0.68 0.95 1.28 1.70 2.22 2.87 3.67 4.68 6.01
 16,4.7,   5.64 3.13 1.57 0.77 0.40 0.23 0.17 0.20 0.31 0.52 0.84 1.30 1.92 2.75 3.91 5.51 
 15,4.9,   5.25 3.27 2.15 1.44 0.96 0.62 0.40 0.31 0.36 0.55 0.92 1.53 2.47 3.87 5.99 
 13,5.1,   5.29 3.82 2.73 1.89 1.23 0.75 0.44 0.32 0.39 0.72 1.41 2.58 4.48 
 12,5.3,   6.38 4.66 3.26 2.16 1.33 0.77 0.48 0.49 0.90 1.81 3.48 5.80
 11,5.5,   6.38 4.40 2.87 1.73 0.96 0.57 0.63 1.24 2.63 4.69 6.72 
 10,5.6,   6.98 4.68 2.93 1.66 0.85 0.55 0.83 1.94 3.74 5.53 
  9,5.8,   4.62 2.76 1.44 0.71 0.63 1.41 2.91 4.43 5.89
 10,5.8,   6.47 4.00 2.18 1.01 0.53 0.96 2.16 3.40 4.60 5.85
 11,5.9,   5.88 3.44 1.74 0.81 0.84 1.67 2.60 3.52 4.51 5.65 6.97
 11,6.0,   4.94 2.66 1.22 0.81 1.26 1.84 2.46 3.19 4.08 5.19 6.58 
 12,6.0,   6.81 3.86 1.85 0.93 0.95 1.16 1.46 1.90 2.54 3.42 4.60 6.15 
 12,6.1,   4.24 1.68 0.38 0.11 0.11 0.23 0.51 0.99 1.72 2.76 4.16 5.75 
 12,6.2,   4.74 2.50 1.48 0.88 0.52 0.41 0.57 1.03 1.82 3.01 4.40 5.78
 13,6.3,   5.17 3.34 2.08 1.19 0.66 0.47 0.63 1.16 2.11 3.29 4.48 5.60 6.65
 14,6.4,   5.64 3.67 2.22 1.23 0.66 0.49 0.74 1.45 2.41 3.40 4.33 5.20 6.03 6.82
 15,6.5,   5.79 3.71 2.20 1.21 0.69 0.64 1.08 1.80 2.57 3.31 4.00 4.66 5.29 5.92 6.56
 14,6.6,   5.44 3.40 1.98 1.0819 0.7094 0.8686 1.3376 1.8827 2.4108 2.9148 3.3931 3.8671 4.343 4.838
 13,6.7,   4.73 2.80 1.4873 0.7594 0.6129 0.8155 1.1255 1.4443 1.7604 2.0705 2.3902 2.727 3.095
 13,6.7,   6.28 3.84 2.1035 1.0135 0.5564 0.4891 0.5580 0.6678 0.7900 0.9265 1.0869 1.277 1.509
 12,6.8,   5.09 2.8973 1.4326 0.6639 0.3408 0.2009 0.1344 0.1053 0.1041 0.1338 0.201 0.312
 11,6.9,   9.0971 6.3718 4.5731 3.4098 2.5869 1.9618 1.4688 1.0819 0.7811 0.566 0.432
 10,7.0,  11.9971 9.1246 7.0809 5.5357 4.3156 3.3264 2.5232 1.8682 1.352  0.954


