 1, 2
ARNAUD / ARNAUD  1.00 1.00     SULFUR                   
 5,12,16                                  !# STAGES,SU 12 IS THE FIRST STAGE,Z=16
 20,6.0,   3.3968  1.8727  0.9270  0.5031  0.7196  1.4818  2.3713  3.1396  3.7477
           4.263  4.734  5.203  5.713  6.285  6.910  7.553  8.189  8.797
           9.368  9.907
 20,6.0,   5.6399  3.3850  1.8319  0.8988  0.6882  1.0932  1.6520  2.1661  2.5545
           2.880  3.183  3.503  3.880  4.331  4.847  5.391  5.934  6.456
           6.948  7.412
 20,6.0,   8.0736  5.0021  2.7718  1.2693  0.5799  0.5780  0.7860  1.0007  1.1783
           1.324  1.472  1.658  1.918  2.270  2.696  3.162  3.635  4.094
           4.533  4.948
 20,6.0,  10.7176  6.7924  3.8614  1.7797  0.6113  0.2110  0.0919  0.0502  0.0360
           0.042  0.077  0.163  0.325  0.574  0.895  1.252  1.612  1.959
           2.284  2.587
 18,6.2,  14.1893  9.9000  6.8945  5.0585  3.7735  2.7741  1.9913
           1.375  0.913  0.588  0.406  0.363  0.427  0.555  0.710  0.870
           1.025  1.173

